4294967279,66
4294967278,145
4294967279,67
4294967279,69
4294967279,68
4294967278,292
4294967278,143
4294967279,70
4294967279,73
4294967279,72
4294967279,71
4294967278,291
4294967279,78
4294967279,77
4294967279,76
4294967279,75
4294967279,74
4294967279,292
4294967278,290
4294967279,87
4294967279,86
4294967279,85
4294967279,84
4294967279,83
4294967279,82
4294967279,81
4294967279,80
4294967279,79
4294967278,289
4294967279,138
4294967278,137
4294967279,278
4294967279,99
4294967279,98
4294967279,97
4294967279,96
4294967279,95
4294967279,94
4294967279,93
4294967279,92
4294967279,91
4294967279,90
4294967279,89
4294967279,277
4294967278,275
4294967279,276
4294967279,119
4294967279,118
4294967279,117
4294967279,116
4294967279,115
4294967279,114
4294967279,113
4294967279,112
4294967279,111
4294967279,110
4294967279,109
4294967279,108
4294967279,107
4294967279,106
4294967279,105
4294967279,104
4294967279,103
4294967279,102
4294967279,101
4294967279,100
4294967279,134
4294967278,274
4294967278,284
4294967278,273
4294967278,340
4294967279,412
4294967278,288
4294967279,289
4294967278,38
4294967278,37
4294967278,36
4294967278,35
4294967278,34
4294967278,33
4294967278,32
4294967278,31
4294967278,30
4294967278,29
4294967278,28
4294967278,27
4294967278,26
4294967278,25
4294967278,24
4294967278,23
4294967278,22
4294967278,21
4294967278,20
4294967278,19
4294967278,18
4294967278,17
4294967278,15
4294967278,14
4294967278,13
4294967278,12
4294967278,287
4294967278,279
4294967278,9
4294967278,285
4294967278,8
4294967278,7
4294967278,6
4294967278,5
4294967278,4
4294967279,132
4294967279,257
4294967279,131
4294967279,130
4294967279,129
4294967279,256
4294967279,128
4294967279,127
4294967279,126
4294967279,125
4294967279,124
4294967279,123
4294967279,122
4294967279,121
4294967279,120
4294967279,32
4294967279,29
4294967279,28
4294967279,27
4294967279,25
4294967279,24
4294967279,22
4294967279,20
4294967279,19
4294967279,17
4294967279,15
4294967279,13
4294967279,12
4294967278,16
4294967278,283
4294967279,271
4294967278,282
4294967279,270
4294967278,266
4294967279,269
4294967278,265
4294967279,287
4294967278,280
4294967279,267
4294967294,30
4294967294,1011
4294967294,1010
4294967294,1008
4294967294,1007
4294967294,1002
4294967294,991
4294967294,966
4294967294,964
4294967294,963
4294967294,962
4294967294,961
4294967294,60
4294967294,12
4294967294,470
4294967278,10
4294967278,11
4294967279,11
4294967279,286
4294967279,10
4294967279,300
4294967279,299
4294967279,285
4294967278,339
4294967279,261
2,2
4294967279,258
4294967279,281
4294967278,338
4294967279,411
4294967279,410
4294967279,409
4294967278,337
20,7
4294967279,408
4294967278,256
4294967279,407
4294967278,336
4294967278,335
4294967278,334
4294967279,406
4294967294,392
4294967294,390
4294967294,426
4294967294,120
4294967294,114
4294967294,388
4294967294,387
4294967278,333
4294967278,255
4294967279,405
4294967278,332
4294967279,404
4294967278,331
4294967279,403
4294967278,330
4294967278,246
20,6
4294967278,250
20,5
20,4
4294967278,248
20,3
20,2
20,1
4294967278,247
4294967278,245
4294967278,243
4294967278,241
4294967278,238
4294967294,38
4294967294,36
4294967294,39
4294967279,402
4294967278,237
4294967278,236
4294967278,235
4294967278,232
4294967278,226
4294967278,230
19,5
19,4
4294967278,228
19,3
19,2
19,1
4294967278,227
4294967294,99
4294967294,41
4294967294,107
4294967294,1418
4294967294,163
4294967294,985
4294967294,182
4294967278,224
4294967278,222
4294967278,220
4294967294,45
4294967294,430
4294967294,44
4294967294,53
4294967294,417
4294967294,150
4294967294,29
4294967294,419
4294967294,28
4294967294,90
4294967294,86
4294967294,84
4294967294,42
4294967294,82
4294967294,92
4294967294,88
4294967278,132
4294967278,131
4294967278,130
4294967278,129
4294967278,128
4294967278,127
4294967278,126
4294967278,125
4294967278,124
4294967278,123
4294967278,122
4294967278,121
4294967278,120
4294967278,119
4294967278,118
4294967278,117
4294967278,116
4294967278,115
4294967278,114
4294967278,113
4294967278,112
4294967278,111
4294967278,110
4294967278,109
4294967278,108
4294967278,107
4294967278,106
4294967278,105
4294967278,103
4294967278,99
4294967278,97
4294967278,95
4294967278,94
4294967278,93
4294967278,92
4294967278,86
4294967278,84
4294967278,82
4294967278,81
4294967278,80
